4294967278,64
4294967278,54
4294967278,53
4294967278,52
4294967278,46
4294967278,45
4294967278,44
4294967278,39
4294967279,55
4294967279,54
4294967279,53
4294967279,52
4294967279,46
4294967279,29
4294967279,24
4294967279,7
4294967293,131
4294967293,130
4294967293,129
4294967293,128
4294967293,127
4294967293,126
4294967293,125
4294967293,124
4294967293,123
4294967293,122
4294967293,121
4294967293,120
4294967293,119
4294967293,118
4294967293,117
4294967293,116
4294967293,115
4294967293,114
4294967293,113
4294967293,112
4294967293,111
4294967293,110
4294967293,109
4294967293,108
4294967293,107
4294967293,106
4294967293,105
4294967293,104
4294967293,103
4294967293,102
4294967293,101
4294967293,100
4294967293,99
4294967293,98
4294967293,97
4294967293,96
4294967293,95
4294967293,94
4294967293,93
4294967293,92
4294967293,91
4294967293,90
4294967293,89
4294967293,87
4294967293,86
4294967293,85
4294967293,84
4294967293,83
4294967293,82
4294967293,81
4294967293,80
4294967293,79
4294967293,78
4294967293,77
4294967293,76
4294967293,75
4294967293,74
4294967293,73
4294967293,72
4294967293,71
4294967293,70
4294967293,69
4294967293,68
4294967293,67
4294967293,66
4294967293,65
4294967293,64
4294967293,63
4294967293,62
4294967293,61
4294967293,60
4294967293,59
4294967293,58
4294967293,57
4294967293,56
4294967293,55
4294967293,54
4294967293,53
4294967293,52
4294967293,51
4294967293,50
4294967293,49
4294967293,48
4294967293,47
4294967293,46
4294967293,45
4294967293,44
4294967293,43
4294967293,42
4294967293,41
4294967293,40
4294967293,39
4294967293,38
4294967293,37
4294967293,36
4294967293,35
4294967293,34
4294967293,33
4294967293,32
4294967293,31
4294967293,30
4294967293,29
4294967293,28
4294967293,27
4294967293,26
4294967293,25
4294967293,24
4294967293,23
4294967293,22
4294967293,21
4294967293,20
4294967293,19
4294967293,18
4294967293,17
4294967293,16
4294967293,15
4294967293,14
4294967293,13
4294967293,12
4294967293,11
4294967293,10
4294967293,9
4294967293,8
4294967293,7
4294967293,6
4294967293,5
4294967293,4
4294967293,3
4294967278,361
4294967278,132
4294967278,256
4294967278,129
4294967278,358
4294967278,127
4294967278,392
4294967278,123
4294967278,355
4294967278,122
4294967278,398
4294967278,243
4294967278,117
4294967278,241
4294967278,116
4294967278,115
4294967278,354
4294967278,114
4294967278,235
4294967278,112
4294967278,227
4294967278,108
4294967278,225
4294967278,107
4294967278,397
4294967278,215
4294967278,102
4294967278,303
4294967278,101
4294967278,351
4294967278,97
4294967278,96
4294967278,347
4294967278,92
4294967278,386
4294967278,91
4294967278,298
4294967278,86
4294967278,85
4294967278,297
4294967278,345
4294967278,84
4294967278,83
4294967278,385
4294967278,82
4294967278,384
4294967278,344
4294967278,81
4294967278,80
4294967278,75
4294967278,389
4294967278,336
4294967278,70
4294967278,332
4294967278,65
4294967278,60
4294967278,59
4294967278,50
4294967278,239
4294967278,49
4294967278,47
4294967278,43
4294967278,42
4294967278,388
4294967278,40
4294967278,383
4294967278,387
4294967278,382
4294967278,174
4294967278,260
4294967279,328
4294967279,326
4294967279,88
4294967279,174
4294967279,102
4294967279,323
4294967279,91
4294967279,90
4294967279,89
4294967279,87
4294967279,85
4294967279,320
4294967279,84
4294967279,575
4294967279,574
4294967279,82
4294967279,573
4294967279,81
4294967279,80
4294967279,79
4294967279,78
4294967279,524
4294967279,70
4294967279,65
4294967279,571
4294967279,322
4294967279,517
4294967279,51
4294967279,50
4294967279,570
4294967279,49
4294967279,48
4294967279,47
4294967279,157
4294967279,569
4294967279,512
4294967279,44
4294967279,43
4294967279,41
4294967279,321
4294967279,40
4294967279,568
4294967279,39
4294967279,38
4294967279,37
4294967279,36
4294967279,295
4294967279,35
4294967279,34
4294967279,33
4294967279,32
4294967279,31
4294967279,30
4294967279,28
4294967279,27
4294967279,26
4294967279,278
4294967279,25
4294967279,23
4294967279,22
4294967279,21
4294967279,20
4294967279,19
4294967279,18
4294967279,17
4294967279,16
4294967279,15
4294967279,567
4294967279,14
4294967279,13
4294967279,297
4294967279,538
4294967279,0
4294967279,281
4294967279,4
4294967294,508
4294967294,474
4294967294,0
4294967294,90
4294967294,87
4294967294,84
4294967294,395
4294967278,340
4294967279,572
4294967294,46
4294967294,2182
4294967294,444
4294967294,414
4294967294,434
4294967294,1078
4294967294,8
4294967294,1000
4294967294,998
4294967294,997
4294967294,995
4294967294,994
4294967294,735
4294967294,991
4294967294,990
4294967294,989
4294967294,988
4294967294,987
4294967294,186
4294967294,985
4294967294,984
4294967294,983
4294967294,982
4294967294,981
4294967294,977
4294967294,975
4294967294,973
4294967294,972
4294967294,968
4294967294,967
4294967294,965
4294967294,962
4294967294,409
4294967294,961
4294967294,960
4294967294,957
4294967294,2181
4294967294,955
4294967294,731
4294967294,953
4294967294,952
4294967294,947
4294967294,946
4294967294,944
4294967294,943
4294967294,942
4294967294,938
4294967294,934
4294967294,930
4294967294,929
4294967294,925
4294967294,919
4294967294,917
4294967294,2179
4294967294,915
4294967294,728
4294967294,912
4294967294,911
4294967294,909
4294967294,908
4294967294,907
4294967294,906
4294967294,902
4294967294,901
4294967294,900
4294967294,899
4294967294,898
4294967294,897
4294967294,895
4294967294,893
4294967294,892
4294967294,891
4294967294,890
4294967294,889
4294967294,885
4294967294,1424
4294967294,881
4294967294,880
4294967294,877
4294967294,876
4294967294,873
4294967294,869
4294967294,469
4294967294,867
4294967294,865
4294967294,864
4294967294,863
4294967294,582
4294967294,861
4294967294,859
4294967294,858
4294967294,856
4294967294,855
4294967294,854
4294967294,852
4294967294,847
4294967294,725
4294967294,846
4294967294,845
4294967294,844
4294967294,843
4294967294,841
4294967294,839
4294967294,835
4294967294,721
4294967294,830
4294967294,829
4294967294,825
4294967294,823
4294967294,822
4294967294,820
4294967294,819
4294967294,817
4294967294,815
4294967294,813
4294967294,812
4294967294,811
4294967294,809
4294967294,808
4294967294,806
4294967294,804
4294967294,802
4294967294,801
4294967294,800
4294967294,2180
4294967294,799
4294967294,798
4294967294,797
4294967294,795
4294967294,788
4294967294,787
4294967294,786
4294967294,784
4294967294,782
4294967294,781
4294967294,780
4294967294,778
4294967294,1245
4294967294,776
4294967294,774
4294967294,773
4294967294,711
4294967294,772
4294967294,714
4294967294,768
4294967294,702
4294967294,700
4294967294,697
4294967294,696
4294967294,695
4294967294,694
4294967294,693
4294967294,692
4294967294,691
4294967294,690
4294967294,688
4294967294,686
4294967294,685
4294967294,684
4294967294,683
4294967294,681
4294967294,2
4294967294,675
4294967294,674
4294967294,673
4294967294,669
4294967294,668
4294967294,667
4294967294,660
4294967294,656
4294967294,727
4294967294,654
4294967294,1
4294967294,652
4294967294,650
4294967294,648
4294967294,645
4294967294,644
4294967294,642
4294967294,28
4294967294,640
4294967294,637
4294967294,635
4294967294,632
4294967294,27
4294967294,25
4294967294,631
4294967294,26
4294967294,627
4294967294,705
4294967294,625
4294967294,1242
4294967294,734
1,3
1,0
4294967294,621
4294967294,630
4294967294,618
4294967294,617
4294967294,616
4294967294,708
4294967294,629
4294967294,615
4294967294,639
4294967294,720
4294967294,614
4294967294,719
4294967294,611
4294967294,710
4294967294,712
4294967294,610
4294967294,732
4294967294,609
4294967294,608
4294967294,607
4294967294,730
4294967294,606
4294967294,726
4294967294,717
4294967294,709
4294967294,729
4294967294,704
4294967294,605
4294967294,718
4294967294,878
4294967294,706
4294967294,70
4294967294,724
4294967294,72
4294967294,875
4294967294,715
4294967294,71
4294967294,131
4294967294,751
4294967294,750
4294967294,1262
4294967294,430
4294967294,1425
4294967294,1072
4294967294,1467
4294967294,420
4294967294,1538
4294967294,499
4294967294,1266
4294967294,497
4294967294,496
4294967294,1540
4294967294,1261
4294967294,1259
4294967294,1050
4294967294,1433
4294967294,1445
4294967294,1545
4294967294,585
4294967294,1542
4294967294,1537
4294967294,1541
4294967294,1536
4294967294,584
4294967294,1456
4294967294,579
4294967294,1455
4294967294,1463
4294967294,1452
4294967294,603
4294967294,1448
4294967294,1547
4294967294,1436
4294967294,2178
4294967294,602
4294967294,1435
4294967294,1244
4294967294,393
4294967294,542
4294967294,541
4294967294,540
4294967294,125
4294967294,539
4294967294,538
4294967294,536
4294967294,537
4294967294,535
4294967294,534
4294967294,533
4294967294,532
4294967294,531
4294967294,530
4294967294,529
4294967294,528
4294967294,527
4294967294,526
4294967294,525
4294967294,524
4294967294,523
4294967294,522
4294967294,521
4294967294,519
4294967294,520
4294967294,518
4294967294,517
4294967294,516
4294967294,515
4294967294,1165
4294967294,514
4294967294,1164
4294967294,513
4294967294,512
4294967294,1162
4294967294,383
4294967294,382
4294967294,1161
4294967294,381
4294967294,31
4294967294,1747
4294967294,1753
4294967294,578
4294967294,141
4294967294,1738
4294967294,1754
4294967294,136
4294967294,1742
4294967294,148
4294967294,146
4294967294,1740
4294967294,577
4294967294,427
4294967294,138
4294967294,1744
4294967279,77
4294967294,475
4294967279,531
4294967279,550
4294967279,268
4294967279,291
4294967279,547
4294967279,533
4294967279,277
4294967279,283
4294967279,566
4294967279,215
4294967278,378
4294967279,565
4294967279,306
4294967279,305
4294967279,564
4294967279,532
4294967279,563
4294967279,530
4294967279,529
4294967279,560
4294967279,302
4294967279,515
4294967278,324
4294967279,557
4294967279,556
4294967278,367
4294967279,554
4294967278,366
4294967279,553
4294967279,296
4294967278,317
4294967278,291
4294967279,294
4294967279,290
4294967279,270
4294967279,548
